[gd_resource type="SkeletonProfile" format=3 uid="uid://cjf6fdrmjh5p"]

[resource]
group_size = 1
bone_size = 38
groups/0/group_name = &""
bones/0/bone_name = &"root"
bones/0/bone_parent = &""
bones/0/tail_direction = 0
bones/0/reference_pose = Transform3D(0.999972, -0.00530812, 0.00530805, 0.00530805, 0.999986, 2.81548e-05, -0.00530812, 2.1374e-08, 0.999986, 0, 0, 2.54676e-09)
bones/0/handle_offset = Vector2(0.5, 0.493504)
bones/0/group = &""
bones/0/require = false
bones/1/bone_name = &"armUpper.L"
bones/1/bone_parent = &"root"
bones/1/tail_direction = 0
bones/1/reference_pose = Transform3D(0.0484122, 0.998819, -0.00420871, -0.00974867, 0.004686, 0.999941, 0.99878, -0.0483683, 0.00996399, 2.87242, -0.300626, 0.00571288)
bones/1/handle_offset = Vector2(0.568904, 0.500346)
bones/1/group = &""
bones/1/require = false
bones/2/bone_name = &"armLower.L"
bones/2/bone_parent = &"armUpper.L"
bones/2/tail_direction = 0
bones/2/reference_pose = Transform3D(0.969429, 0.244248, 0.0234475, -0.243381, 0.969312, -0.0346497, -0.0311911, 0.0278838, 0.999124, -9.73232e-08, 6.81273, 4.88944e-09)
bones/2/handle_offset = Vector2(0.731997, 0.498714)
bones/2/group = &""
bones/2/require = false
bones/3/bone_name = &"handPalm.L"
bones/3/bone_parent = &"armLower.L"
bones/3/tail_direction = 0
bones/3/reference_pose = Transform3D(0.956759, -0.283277, -0.0660786, 0.288199, 0.953932, 0.0833918, 0.0394115, -0.0988297, 0.994324, 3.85669e-07, 6.10782, 4.42378e-09)
bones/3/handle_offset = Vector2(0.875612, 0.493553)
bones/3/group = &""
bones/3/require = false
bones/4/bone_name = &"indexFin1.L"
bones/4/bone_parent = &"handPalm.L"
bones/4/tail_direction = 0
bones/4/reference_pose = Transform3D(0.998709, 0.0501314, 0.0081836, -0.0500594, 0.998708, -0.00878636, -0.00861349, 0.00836535, 0.999928, 0.634623, 2.01599, -0.0844285)
bones/4/handle_offset = Vector2(0.925041, 0.498002)
bones/4/group = &""
bones/4/require = false
bones/5/bone_name = &"indexFin2.L"
bones/5/bone_parent = &"indexFin1.L"
bones/5/tail_direction = 0
bones/5/reference_pose = Transform3D(0.999288, -0.0364675, -0.00967398, 0.0365865, 0.999253, 0.0124259, 0.00921362, -0.012771, 0.999876, 5.3551e-08, 0.544293, -1.39698e-09)
bones/5/handle_offset = Vector2(0.938062, 0.498577)
bones/5/group = &""
bones/5/require = false
bones/6/bone_name = &"indexFin3.L"
bones/6/bone_parent = &"indexFin2.L"
bones/6/tail_direction = 0
bones/6/reference_pose = Transform3D(0.999963, 0.00838579, -0.00169717, -0.00838532, 0.999965, 0.000284547, 0.0016995, -0.000270305, 0.999998, -2.62633e-07, 0.397224, -1.43424e-07)
bones/6/handle_offset = Vector2(0.947536, 0.499119)
bones/6/group = &""
bones/6/require = false
bones/7/bone_name = &"middleFin1.L"
bones/7/bone_parent = &"handPalm.L"
bones/7/tail_direction = 0
bones/7/reference_pose = Transform3D(0.999982, -0.00497001, 0.00340236, 0.00498295, 0.99998, -0.00380409, -0.00338339, 0.00382097, 0.999987, 0.14622, 2.02334, 0.0161793)
bones/7/handle_offset = Vector2(0.924186, 0.495703)
bones/7/group = &""
bones/7/require = false
bones/8/bone_name = &"middleFin2.L"
bones/8/bone_parent = &"middleFin1.L"
bones/8/tail_direction = 0
bones/8/reference_pose = Transform3D(0.998982, 0.0181727, -0.0412899, -0.0161107, 0.998632, 0.0497354, 0.0421372, -0.0490196, 0.997908, -1.27766e-07, 0.603399, 4.28408e-08)
bones/8/handle_offset = Vector2(0.938558, 0.496414)
bones/8/group = &""
bones/8/require = false
bones/9/bone_name = &"middleFin3.L"
bones/9/bone_parent = &"middleFin2.L"
bones/9/tail_direction = 0
bones/9/reference_pose = Transform3D(0.997899, 0.064733, 0.00267339, -0.0647304, 0.997902, -0.00103549, -0.00273482, 0.000860261, 0.999996, 1.21072e-07, 0.481263, -2.6077e-08)
bones/9/handle_offset = Vector2(0.95, 0.497544)
bones/9/group = &""
bones/9/require = false
bones/10/bone_name = &"ringFin1.L"
bones/10/bone_parent = &"handPalm.L"
bones/10/tail_direction = 0
bones/10/reference_pose = Transform3D(0.997781, -0.0401032, -0.0531488, 0.0408204, 0.999089, 0.0124776, 0.0526, -0.0146195, 0.998509, -0.300124, 1.94906, -0.00156529)
bones/10/handle_offset = Vector2(0.921339, 0.496125)
bones/10/group = &""
bones/10/require = false
bones/11/bone_name = &"ringFin2.L"
bones/11/bone_parent = &"ringFin1.L"
bones/11/tail_direction = 0
bones/11/reference_pose = Transform3D(0.997427, 0.0704644, -0.0132207, -0.0701724, 0.997306, 0.0213852, 0.0146919, -0.0204024, 0.999684, 9.59262e-08, 0.624718, 1.02445e-08)
bones/11/handle_offset = Vector2(0.93614, 0.497141)
bones/11/group = &""
bones/11/require = false
bones/12/bone_name = &"ringFin3.L"
bones/12/bone_parent = &"ringFin2.L"
bones/12/tail_direction = 0
bones/12/reference_pose = Transform3D(0.998489, 0.037801, 0.0398808, -0.0379265, 0.999278, 0.00239425, -0.0397615, -0.00390317, 0.999201, 1.2666e-07, 0.45853, -1.73226e-07)
bones/12/handle_offset = Vector2(0.94707, 0.498062)
bones/12/group = &""
bones/12/require = false
bones/13/bone_name = &"littleFin1.L"
bones/13/bone_parent = &"handPalm.L"
bones/13/tail_direction = 0
bones/13/reference_pose = Transform3D(0.976893, -0.204069, -0.0635174, 0.205203, 0.978648, 0.0117916, 0.0597549, -0.0245531, 0.997911, -0.706989, 1.85808, -0.0102971)
bones/13/handle_offset = Vector2(0.918199, 0.496302)
bones/13/group = &""
bones/13/require = false
bones/14/bone_name = &"littleFin2.L"
bones/14/bone_parent = &"littleFin1.L"
bones/14/tail_direction = 0
bones/14/reference_pose = Transform3D(0.998781, 0.039718, -0.0292928, -0.0383779, 0.998251, 0.0449731, 0.0310278, -0.0437941, 0.998559, -9.91859e-07, 0.271088, 6.79865e-08)
bones/14/handle_offset = Vector2(0.924381, 0.49681)
bones/14/group = &""
bones/14/require = false
bones/15/bone_name = &"littleFin3.L"
bones/15/bone_parent = &"littleFin2.L"
bones/15/tail_direction = 0
bones/15/reference_pose = Transform3D(0.994216, 0.106601, 0.0130865, -0.106545, 0.994296, -0.00490504, -0.0135347, 0.00348236, 0.999902, -9.87202e-08, 0.470883, 1.00583e-07)
bones/15/handle_offset = Vector2(0.935208, 0.498156)
bones/15/group = &""
bones/15/require = false
bones/16/bone_name = &"thumbFin1.L"
bones/16/bone_parent = &"handPalm.L"
bones/16/tail_direction = 0
bones/16/reference_pose = Transform3D(0.770506, 0.627587, 0.111602, -0.630699, 0.72521, 0.276203, 0.0924064, -0.283204, 0.954598, 0.435149, 0.237176, -0.0813128)
bones/16/handle_offset = Vector2(0.882191, 0.495711)
bones/16/group = &""
bones/16/require = false
bones/17/bone_name = &"thumbFin2.L"
bones/17/bone_parent = &"thumbFin1.L"
bones/17/tail_direction = 0
bones/17/reference_pose = Transform3D(0.97578, 0.0536109, -0.212082, -0.0313082, 0.993749, 0.107155, 0.216502, -0.0979202, 0.971359, 4.17233e-07, 0.814807, -2.90573e-07)
bones/17/handle_offset = Vector2(0.897192, 0.50188)
bones/17/group = &""
bones/17/require = false
bones/18/bone_name = &"thumbFin3.L"
bones/18/bone_parent = &"thumbFin2.L"
bones/18/tail_direction = 0
bones/18/reference_pose = Transform3D(0.997337, -0.0549786, 0.047924, 0.0561924, 0.998123, -0.0243576, -0.0464949, 0.0269857, 0.998554, -1.2666e-06, 0.482865, 4.17233e-07)
bones/18/handle_offset = Vector2(0.905308, 0.506496)
bones/18/group = &""
bones/18/require = false
bones/19/bone_name = &"armUpper.R"
bones/19/bone_parent = &"root"
bones/19/tail_direction = 0
bones/19/reference_pose = Transform3D(0.0591131, -0.998143, 0.0147179, 0.00917795, 0.0152865, 0.999841, -0.998209, -0.0589687, 0.0100645, -2.87535, -0.270115, -0.0247974)
bones/19/handle_offset = Vector2(0.431096, 0.500346)
bones/19/group = &""
bones/19/require = false
bones/20/bone_name = &"armLower.R"
bones/20/bone_parent = &"armUpper.R"
bones/20/tail_direction = 0
bones/20/reference_pose = Transform3D(0.969429, -0.244248, -0.0234476, 0.243381, 0.969312, -0.0346498, 0.0311911, 0.0278838, 0.999125, -7.17118e-08, 6.81273, 4.88944e-09)
bones/20/handle_offset = Vector2(0.268003, 0.498714)
bones/20/group = &""
bones/20/require = false
bones/21/bone_name = &"handPalm.R"
bones/21/bone_parent = &"armLower.R"
bones/21/tail_direction = 0
bones/21/reference_pose = Transform3D(0.956759, 0.283277, 0.0660786, -0.288199, 0.953932, 0.0833917, -0.0394115, -0.0988296, 0.994324, -4.47209e-07, 6.10782, 2.8871e-08)
bones/21/handle_offset = Vector2(0.124388, 0.493553)
bones/21/group = &""
bones/21/require = false
bones/22/bone_name = &"indexFin1.R"
bones/22/bone_parent = &"handPalm.R"
bones/22/tail_direction = 0
bones/22/reference_pose = Transform3D(0.998709, -0.0501315, -0.00818358, 0.0500594, 0.998708, -0.00878635, 0.00861348, 0.00836534, 0.999928, -0.634623, 2.016, -0.0844285)
bones/22/handle_offset = Vector2(0.0749592, 0.498002)
bones/22/group = &""
bones/22/require = false
bones/23/bone_name = &"indexFin2.R"
bones/23/bone_parent = &"indexFin1.R"
bones/23/tail_direction = 0
bones/23/reference_pose = Transform3D(0.999288, 0.0364675, 0.00967398, -0.0365865, 0.999253, 0.0124259, -0.00921361, -0.012771, 0.999876, 1.26078e-07, 0.544291, 1.49012e-07)
bones/23/handle_offset = Vector2(0.0619374, 0.498577)
bones/23/group = &""
bones/23/require = false
bones/24/bone_name = &"indexFin3.R"
bones/24/bone_parent = &"indexFin2.R"
bones/24/tail_direction = 0
bones/24/reference_pose = Transform3D(0.999963, -0.00838579, 0.00169718, 0.00838532, 0.999965, 0.000284546, -0.0016995, -0.000270305, 0.999999, 1.44122e-07, 0.397227, -1.43424e-07)
bones/24/handle_offset = Vector2(0.0524634, 0.499119)
bones/24/group = &""
bones/24/require = false
bones/25/bone_name = &"middleFin1.R"
bones/25/bone_parent = &"handPalm.R"
bones/25/tail_direction = 0
bones/25/reference_pose = Transform3D(0.999982, 0.00496995, -0.00340235, -0.00498288, 0.99998, -0.00380408, 0.00338338, 0.00382097, 0.999987, -0.146221, 2.02334, 0.0161792)
bones/25/handle_offset = Vector2(0.0758137, 0.495703)
bones/25/group = &""
bones/25/require = false
bones/26/bone_name = &"middleFin2.R"
bones/26/bone_parent = &"middleFin1.R"
bones/26/tail_direction = 0
bones/26/reference_pose = Transform3D(0.998982, -0.0181727, 0.0412899, 0.0161107, 0.998632, 0.0497354, -0.0421372, -0.0490196, 0.997909, 8.90577e-09, 0.603399, -1.15484e-07)
bones/26/handle_offset = Vector2(0.0614417, 0.496414)
bones/26/group = &""
bones/26/require = false
bones/27/bone_name = &"middleFin3.R"
bones/27/bone_parent = &"middleFin2.R"
bones/27/tail_direction = 0
bones/27/reference_pose = Transform3D(0.997899, -0.064733, -0.00267338, 0.0647305, 0.997902, -0.00103548, 0.0027348, 0.000860254, 0.999996, -5.86733e-08, 0.481265, 2.6077e-08)
bones/27/handle_offset = Vector2(0.05, 0.497544)
bones/27/group = &""
bones/27/require = false
bones/28/bone_name = &"ringFin1.R"
bones/28/bone_parent = &"handPalm.R"
bones/28/tail_direction = 0
bones/28/reference_pose = Transform3D(0.997781, 0.0401031, 0.0531488, -0.0408203, 0.999089, 0.0124776, -0.0526, -0.0146195, 0.998509, 0.300124, 1.94906, -0.00156527)
bones/28/handle_offset = Vector2(0.0786607, 0.496125)
bones/28/group = &""
bones/28/require = false
bones/29/bone_name = &"ringFin2.R"
bones/29/bone_parent = &"ringFin1.R"
bones/29/tail_direction = 0
bones/29/reference_pose = Transform3D(0.997427, -0.0704644, 0.0132207, 0.0701723, 0.997306, 0.0213852, -0.014692, -0.0204024, 0.999684, 1.28523e-07, 0.62472, 4.84288e-08)
bones/29/handle_offset = Vector2(0.0638603, 0.497141)
bones/29/group = &""
bones/29/require = false
bones/30/bone_name = &"ringFin3.R"
bones/30/bone_parent = &"ringFin2.R"
bones/30/tail_direction = 0
bones/30/reference_pose = Transform3D(0.998489, -0.037801, -0.0398808, 0.0379265, 0.999278, 0.00239423, 0.0397615, -0.00390315, 0.999201, -2.98023e-08, 0.458531, 2.62633e-07)
bones/30/handle_offset = Vector2(0.0529298, 0.498062)
bones/30/group = &""
bones/30/require = false
bones/31/bone_name = &"littleFin1.R"
bones/31/bone_parent = &"handPalm.R"
bones/31/tail_direction = 0
bones/31/reference_pose = Transform3D(0.976894, 0.204069, 0.0635174, -0.205202, 0.978649, 0.0117916, -0.0597549, -0.0245531, 0.997911, 0.706989, 1.85808, -0.0102971)
bones/31/handle_offset = Vector2(0.0818011, 0.496302)
bones/31/group = &""
bones/31/require = false
bones/32/bone_name = &"littleFin2.R"
bones/32/bone_parent = &"littleFin1.R"
bones/32/tail_direction = 0
bones/32/reference_pose = Transform3D(0.998781, -0.0397177, 0.0292928, 0.0383776, 0.998251, 0.044973, -0.0310278, -0.043794, 0.998559, 5.30854e-07, 0.271088, 5.58794e-08)
bones/32/handle_offset = Vector2(0.0756191, 0.49681)
bones/32/group = &""
bones/32/require = false
bones/33/bone_name = &"littleFin3.R"
bones/33/bone_parent = &"littleFin2.R"
bones/33/tail_direction = 0
bones/33/reference_pose = Transform3D(0.994216, -0.106601, -0.0130865, 0.106545, 0.994296, -0.00490504, 0.0135347, 0.00348236, 0.999902, 1.32248e-07, 0.470881, -6.33299e-08)
bones/33/handle_offset = Vector2(0.064792, 0.498156)
bones/33/group = &""
bones/33/require = false
bones/34/bone_name = &"thumbFin1.R"
bones/34/bone_parent = &"handPalm.R"
bones/34/tail_direction = 0
bones/34/reference_pose = Transform3D(0.770506, -0.627587, -0.111602, 0.630699, 0.72521, 0.276203, -0.0924064, -0.283204, 0.954598, -0.435149, 0.237177, -0.0813128)
bones/34/handle_offset = Vector2(0.117809, 0.495711)
bones/34/group = &""
bones/34/require = false
bones/35/bone_name = &"thumbFin2.R"
bones/35/bone_parent = &"thumbFin1.R"
bones/35/tail_direction = 0
bones/35/reference_pose = Transform3D(0.97578, -0.053611, 0.212082, 0.0313083, 0.993749, 0.107155, -0.216501, -0.0979202, 0.971359, 8.56817e-08, 0.814804, 3.27826e-07)
bones/35/handle_offset = Vector2(0.102808, 0.50188)
bones/35/group = &""
bones/35/require = false
bones/36/bone_name = &"thumbFin3.R"
bones/36/bone_parent = &"thumbFin2.R"
bones/36/tail_direction = 0
bones/36/reference_pose = Transform3D(0.997337, 0.0549786, -0.0479239, -0.0561924, 0.998123, -0.0243577, 0.0464948, 0.0269857, 0.998554, -1.50502e-06, 0.482865, -9.46224e-07)
bones/36/handle_offset = Vector2(0.0946924, 0.506496)
bones/36/group = &""
bones/36/require = false
bones/37/bone_name = &"cameraBone"
bones/37/bone_parent = &"root"
bones/37/tail_direction = 0
bones/37/reference_pose = Transform3D(0.999972, 0.00530812, 0.00530804, -0.00530812, 0, 0.999986, 0.00530804, -0.999986, 2.8193e-05, 3.73753e-20, -1.71442e-21, -2.54295e-09)
bones/37/handle_offset = Vector2(0.5, 0.493504)
bones/37/group = &""
bones/37/require = false
