[gd_resource type="SkeletonProfile" format=3 uid="uid://dmbu5rxsrevm2"]

[resource]
group_size = 1
bone_size = 38
groups/0/group_name = &""
bones/0/bone_name = &"root"
bones/0/bone_parent = &""
bones/0/tail_direction = 0
bones/0/reference_pose = Transform3D(0.999972, -0.00530812, 0.00530805, 0.00530805, 0.999986, 2.81548e-05, -0.00530812, 2.1374e-08, 0.999986, 0, 0, 2.54676e-09)
bones/0/handle_offset = Vector2(0.498765, 0.493486)
bones/0/group = &""
bones/0/require = false
bones/1/bone_name = &"armUpper.L"
bones/1/bone_parent = &"root"
bones/1/tail_direction = 0
bones/1/reference_pose = Transform3D(0.0484122, 0.998819, -0.00420871, -0.00974867, 0.004686, 0.999941, 0.99878, -0.0483683, 0.00996399, 2.87242, -0.300626, 0.00571288)
bones/1/handle_offset = Vector2(0.567858, 0.500346)
bones/1/group = &""
bones/1/require = false
bones/2/bone_name = &"armLower.L"
bones/2/bone_parent = &"armUpper.L"
bones/2/tail_direction = 0
bones/2/reference_pose = Transform3D(0.969429, 0.244248, 0.0234475, -0.243381, 0.969312, -0.0346497, -0.0311911, 0.0278838, 0.999124, -9.73232e-08, 6.81273, 4.88944e-09)
bones/2/handle_offset = Vector2(0.731399, 0.498711)
bones/2/group = &""
bones/2/require = false
bones/3/bone_name = &"handPalm.L"
bones/3/bone_parent = &"armLower.L"
bones/3/tail_direction = 0
bones/3/reference_pose = Transform3D(0.956759, -0.283277, -0.0660786, 0.288199, 0.953932, 0.0833918, 0.0394115, -0.0988297, 0.994324, 3.85669e-07, 6.10782, 4.42378e-09)
bones/3/handle_offset = Vector2(0.875408, 0.493535)
bones/3/group = &""
bones/3/require = false
bones/4/bone_name = &"indexFin1.L"
bones/4/bone_parent = &"handPalm.L"
bones/4/tail_direction = 0
bones/4/reference_pose = Transform3D(0.998709, 0.0501314, 0.0081836, -0.0500594, 0.998708, -0.00878636, -0.00861349, 0.00836535, 0.999928, 0.634623, 2.01599, -0.0844285)
bones/4/handle_offset = Vector2(0.924972, 0.497996)
bones/4/group = &""
bones/4/require = false
bones/5/bone_name = &"indexFin2.L"
bones/5/bone_parent = &"indexFin1.L"
bones/5/tail_direction = 0
bones/5/reference_pose = Transform3D(0.999288, -0.0364675, -0.00967398, 0.0365865, 0.999253, 0.0124259, 0.00921362, -0.012771, 0.999876, 5.3551e-08, 0.544293, -1.39698e-09)
bones/5/handle_offset = Vector2(0.93803, 0.498573)
bones/5/group = &""
bones/5/require = false
bones/6/bone_name = &"indexFin3.L"
bones/6/bone_parent = &"indexFin2.L"
bones/6/tail_direction = 0
bones/6/reference_pose = Transform3D(0.999963, 0.00838579, -0.00169717, -0.00838532, 0.999965, 0.000284547, 0.0016995, -0.000270305, 0.999998, -2.62633e-07, 0.397224, -1.43424e-07)
bones/6/handle_offset = Vector2(0.94753, 0.499116)
bones/6/group = &""
bones/6/require = false
bones/7/bone_name = &"middleFin1.L"
bones/7/bone_parent = &"handPalm.L"
bones/7/tail_direction = 0
bones/7/reference_pose = Transform3D(0.999982, -0.00497001, 0.00340236, 0.00498295, 0.99998, -0.00380409, -0.00338339, 0.00382097, 0.999987, 0.14622, 2.02334, 0.0161793)
bones/7/handle_offset = Vector2(0.924115, 0.495691)
bones/7/group = &""
bones/7/require = false
bones/8/bone_name = &"middleFin2.L"
bones/8/bone_parent = &"middleFin1.L"
bones/8/tail_direction = 0
bones/8/reference_pose = Transform3D(0.998982, 0.0181727, -0.0412899, -0.0161107, 0.998632, 0.0497354, 0.0421372, -0.0490196, 0.997908, -1.27766e-07, 0.603399, 4.28408e-08)
bones/8/handle_offset = Vector2(0.938527, 0.496404)
bones/8/group = &""
bones/8/require = false
bones/9/bone_name = &"middleFin3.L"
bones/9/bone_parent = &"middleFin2.L"
bones/9/tail_direction = 0
bones/9/reference_pose = Transform3D(0.997899, 0.064733, 0.00267339, -0.0647304, 0.997902, -0.00103549, -0.00273482, 0.000860261, 0.999996, 1.21072e-07, 0.481263, -2.6077e-08)
bones/9/handle_offset = Vector2(0.95, 0.497538)
bones/9/group = &""
bones/9/require = false
bones/10/bone_name = &"ringFin1.L"
bones/10/bone_parent = &"handPalm.L"
bones/10/tail_direction = 0
bones/10/reference_pose = Transform3D(0.997781, -0.0401032, -0.0531488, 0.0408204, 0.999089, 0.0124776, 0.0526, -0.0146195, 0.998509, -0.300124, 1.94906, -0.00156529)
bones/10/handle_offset = Vector2(0.921261, 0.496114)
bones/10/group = &""
bones/10/require = false
bones/11/bone_name = &"ringFin2.L"
bones/11/bone_parent = &"ringFin1.L"
bones/11/tail_direction = 0
bones/11/reference_pose = Transform3D(0.997427, 0.0704644, -0.0132207, -0.0701724, 0.997306, 0.0213852, 0.0146919, -0.0204024, 0.999684, 9.59262e-08, 0.624718, 1.02445e-08)
bones/11/handle_offset = Vector2(0.936102, 0.497133)
bones/11/group = &""
bones/11/require = false
bones/12/bone_name = &"ringFin3.L"
bones/12/bone_parent = &"ringFin2.L"
bones/12/tail_direction = 0
bones/12/reference_pose = Transform3D(0.998489, 0.037801, 0.0398808, -0.0379265, 0.999278, 0.00239425, -0.0397615, -0.00390317, 0.999201, 1.2666e-07, 0.45853, -1.73226e-07)
bones/12/handle_offset = Vector2(0.947062, 0.498057)
bones/12/group = &""
bones/12/require = false
bones/13/bone_name = &"littleFin1.L"
bones/13/bone_parent = &"handPalm.L"
bones/13/tail_direction = 0
bones/13/reference_pose = Transform3D(0.997646, -0.0297685, -0.0617742, 0.0297097, 0.999557, -0.00187023, 0.0618025, 3.05368e-05, 0.998089, -0.775533, 1.7765, -0.0140334)
bones/13/handle_offset = Vector2(0.915995, 0.496292)
bones/13/group = &""
bones/13/require = false
bones/14/bone_name = &"littleFin2.L"
bones/14/bone_parent = &"littleFin1.L"
bones/14/tail_direction = 0
bones/14/reference_pose = Transform3D(0.998078, -0.0479921, -0.0392177, 0.0504579, 0.99664, 0.0645139, 0.0359898, -0.0663687, 0.997146, 3.06405e-07, 0.398311, 3.72529e-09)
bones/14/handle_offset = Vector2(0.925479, 0.496801)
bones/14/group = &""
bones/14/require = false
bones/15/bone_name = &"littleFin3.L"
bones/15/bone_parent = &"littleFin2.L"
bones/15/tail_direction = 0
bones/15/reference_pose = Transform3D(0.999887, 0.0035747, 0.0146092, -0.00340791, 0.999929, -0.0114263, -0.014649, 0.0113752, 0.999828, 2.94298e-07, 0.458875, 1.3411e-07)
bones/15/handle_offset = Vector2(0.936267, 0.498151)
bones/15/group = &""
bones/15/require = false
bones/16/bone_name = &"thumbFin1.L"
bones/16/bone_parent = &"handPalm.L"
bones/16/tail_direction = 0
bones/16/reference_pose = Transform3D(0.770506, 0.627587, 0.111602, -0.630699, 0.72521, 0.276203, 0.0924064, -0.283204, 0.954598, 0.435149, 0.237176, -0.0813128)
bones/16/handle_offset = Vector2(0.882005, 0.495699)
bones/16/group = &""
bones/16/require = false
bones/17/bone_name = &"thumbFin2.L"
bones/17/bone_parent = &"thumbFin1.L"
bones/17/tail_direction = 0
bones/17/reference_pose = Transform3D(0.97578, 0.0536109, -0.212082, -0.0313082, 0.993749, 0.107155, 0.216502, -0.0979202, 0.971359, 4.17233e-07, 0.814807, -2.90573e-07)
bones/17/handle_offset = Vector2(0.897047, 0.501885)
bones/17/group = &""
bones/17/require = false
bones/18/bone_name = &"thumbFin3.L"
bones/18/bone_parent = &"thumbFin2.L"
bones/18/tail_direction = 0
bones/18/reference_pose = Transform3D(0.997337, -0.0549786, 0.047924, 0.0561924, 0.998123, -0.0243576, -0.0464949, 0.0269857, 0.998554, -1.2666e-06, 0.482865, 4.17233e-07)
bones/18/handle_offset = Vector2(0.905185, 0.506514)
bones/18/group = &""
bones/18/require = false
bones/19/bone_name = &"armUpper.R"
bones/19/bone_parent = &"root"
bones/19/tail_direction = 0
bones/19/reference_pose = Transform3D(0.0591131, -0.998143, 0.0147179, 0.00917795, 0.0152865, 0.999841, -0.998209, -0.0589687, 0.0100645, -2.87535, -0.270115, -0.0247974)
bones/19/handle_offset = Vector2(0.429672, 0.500346)
bones/19/group = &""
bones/19/require = false
bones/20/bone_name = &"armLower.R"
bones/20/bone_parent = &"armUpper.R"
bones/20/tail_direction = 0
bones/20/reference_pose = Transform3D(0.969429, -0.244248, -0.0234476, 0.243381, 0.969312, -0.0346498, 0.0311911, 0.0278838, 0.999125, -7.17118e-08, 6.81273, 4.88944e-09)
bones/20/handle_offset = Vector2(0.266131, 0.498711)
bones/20/group = &""
bones/20/require = false
bones/21/bone_name = &"handPalm.R"
bones/21/bone_parent = &"armLower.R"
bones/21/tail_direction = 0
bones/21/reference_pose = Transform3D(0.955969, 0.285836, 0.066494, -0.290847, 0.953006, 0.0847835, -0.039135, -0.10039, 0.994178, -4.47209e-07, 6.10782, 2.8871e-08)
bones/21/handle_offset = Vector2(0.122122, 0.493535)
bones/21/group = &""
bones/21/require = false
bones/22/bone_name = &"indexFin1.R"
bones/22/bone_parent = &"handPalm.R"
bones/22/tail_direction = 0
bones/22/reference_pose = Transform3D(0.993461, -0.113821, -0.00896555, 0.11373, 0.99346, -0.0100658, 0.0100526, 0.00898034, 0.999909, -0.598882, 1.59682, -0.0133127)
bones/22/handle_offset = Vector2(0.0825428, 0.495822)
bones/22/group = &""
bones/22/require = false
bones/23/bone_name = &"indexFin2.R"
bones/23/bone_parent = &"indexFin1.R"
bones/23/tail_direction = 0
bones/23/reference_pose = Transform3D(0.998875, 0.0468079, 0.00761309, -0.0463669, 0.997654, -0.0503557, -0.00995228, 0.049946, 0.998702, 8.09086e-08, 0.808096, -2.8871e-08)
bones/23/handle_offset = Vector2(0.0631359, 0.496679)
bones/23/group = &""
bones/23/require = false
bones/24/bone_name = &"indexFin3.R"
bones/24/bone_parent = &"indexFin2.R"
bones/24/tail_direction = 0
bones/24/reference_pose = Transform3D(0.999927, 0.0119045, 0.00203705, -0.0119618, 0.99945, 0.0309383, -0.00166762, -0.0309604, 0.999519, 1.44239e-07, 0.546718, 2.04891e-08)
bones/24/handle_offset = Vector2(0.05, 0.496605)
bones/24/group = &""
bones/24/require = false
bones/25/bone_name = &"middleFin1.R"
bones/25/bone_parent = &"handPalm.R"
bones/25/tail_direction = 0
bones/25/reference_pose = Transform3D(0.994951, -0.100324, -0.00266259, 0.100301, 0.994926, -0.00783538, 0.00343516, 0.00752876, 0.999966, -0.0541437, 1.61753, -0.00213404)
bones/25/handle_offset = Vector2(0.0833611, 0.495691)
bones/25/group = &""
bones/25/require = false
bones/26/bone_name = &"middleFin2.R"
bones/26/bone_parent = &"middleFin1.R"
bones/26/tail_direction = 0
bones/26/reference_pose = Transform3D(0.99851, 0.0323003, 0.043992, -0.0333895, 0.999148, 0.0242518, -0.0431712, -0.0256845, 0.998737, -4.83124e-08, 0.751676, -3.53903e-08)
bones/26/handle_offset = Vector2(0.065309, 0.496518)
bones/26/group = &""
bones/26/require = false
bones/27/bone_name = &"middleFin3.R"
bones/27/bone_parent = &"middleFin2.R"
bones/27/tail_direction = 0
bones/27/reference_pose = Transform3D(0.99973, 0.0231354, -0.00227151, -0.0231358, 0.999732, -0.000162879, 0.00226713, 0.000215388, 0.999997, -9.31323e-08, 0.591111, 2.23517e-08)
bones/27/handle_offset = Vector2(0.0511422, 0.497537)
bones/27/group = &""
bones/27/require = false
bones/28/bone_name = &"ringFin1.R"
bones/28/bone_parent = &"handPalm.R"
bones/28/tail_direction = 0
bones/28/reference_pose = Transform3D(0.99804, -0.0333814, 0.0529386, 0.0342643, 0.999287, -0.0158583, -0.0523715, 0.0176411, 0.998472, 0.360554, 1.5919, -0.0324263)
bones/28/handle_offset = Vector2(0.0850227, 0.496469)
bones/28/group = &""
bones/28/require = false
bones/29/bone_name = &"ringFin2.R"
bones/29/bone_parent = &"ringFin1.R"
bones/29/tail_direction = 0
bones/29/reference_pose = Transform3D(0.99967, -0.0201875, 0.0158774, 0.0197756, 0.999474, 0.0256836, -0.0163876, -0.0253612, 0.999544, -1.21072e-08, 0.699899, -7.82311e-08)
bones/29/handle_offset = Vector2(0.0682462, 0.497082)
bones/29/group = &""
bones/29/require = false
bones/30/bone_name = &"ringFin3.R"
bones/30/bone_parent = &"ringFin2.R"
bones/30/tail_direction = 0
bones/30/reference_pose = Transform3D(0.999219, -0.0038982, -0.0393155, 0.004444, 0.999895, 0.0138048, 0.0392576, -0.0139687, 0.999131, -5.21541e-08, 0.670177, -1.00583e-07)
bones/30/handle_offset = Vector2(0.052181, 0.498057)
bones/30/group = &""
bones/30/require = false
bones/31/bone_name = &"littleFin1.R"
bones/31/bone_parent = &"handPalm.R"
bones/31/tail_direction = 0
bones/31/reference_pose = Transform3D(0.997855, 0.0302501, 0.0580565, -0.0286322, 0.999184, -0.0285003, -0.0588712, 0.0267769, 0.997906, 0.771153, 1.74847, -0.0403287)
bones/31/handle_offset = Vector2(0.0822939, 0.496946)
bones/31/group = &""
bones/31/require = false
bones/32/bone_name = &"littleFin2.R"
bones/32/bone_parent = &"littleFin1.R"
bones/32/tail_direction = 0
bones/32/reference_pose = Transform3D(0.999264, -0.00571851, 0.0379401, 0.00444395, 0.999426, 0.0335938, -0.0381104, -0.0334005, 0.998715, -2.51457e-07, 0.539652, 1.67638e-08)
bones/32/handle_offset = Vector2(0.0694372, 0.497308)
bones/32/group = &""
bones/32/require = false
bones/33/bone_name = &"littleFin3.R"
bones/33/bone_parent = &"littleFin2.R"
bones/33/tail_direction = 0
bones/33/reference_pose = Transform3D(0.998973, 0.0440705, -0.0105292, -0.04366, 0.99838, 0.0364724, 0.0121195, -0.0359752, 0.999279, -2.42144e-07, 0.477223, -1.04308e-07)
bones/33/handle_offset = Vector2(0.058073, 0.498006)
bones/33/group = &""
bones/33/require = false
bones/34/bone_name = &"thumbFin1.R"
bones/34/bone_parent = &"handPalm.R"
bones/34/tail_direction = 0
bones/34/reference_pose = Transform3D(0.655012, -0.743667, -0.133863, 0.74326, 0.602196, 0.291418, -0.136106, -0.290378, 0.947183, -0.296642, 0.155002, -0.0477159)
bones/34/handle_offset = Vector2(0.117758, 0.494823)
bones/34/group = &""
bones/34/require = false
bones/35/bone_name = &"thumbFin2.R"
bones/35/bone_parent = &"thumbFin1.R"
bones/35/tail_direction = 0
bones/35/reference_pose = Transform3D(0.969877, -0.0496811, 0.238473, 0.0603327, 0.997471, -0.0375721, -0.236003, 0.0508281, 0.970422, -7.41333e-07, 0.679492, -8.34465e-07)
bones/35/handle_offset = Vector2(0.107007, 0.499992)
bones/35/group = &""
bones/35/require = false
bones/36/bone_name = &"thumbFin3.R"
bones/36/bone_parent = &"thumbFin2.R"
bones/36/tail_direction = 0
bones/36/reference_pose = Transform3D(0.997955, 0.0401727, -0.049718, -0.0387543, 0.998823, 0.0291728, 0.0508315, -0.0271864, 0.998337, 3.42727e-07, 0.647944, 8.49366e-07)
bones/36/handle_offset = Vector2(0.0970153, 0.504031)
bones/36/group = &""
bones/36/require = false
bones/37/bone_name = &"cameraBone"
bones/37/bone_parent = &"root"
bones/37/tail_direction = 0
bones/37/reference_pose = Transform3D(0.999972, 0.00530812, 0.00530804, -0.00530812, 0, 0.999986, 0.00530804, -0.999986, 2.8193e-05, 3.73753e-20, -1.71442e-21, -2.54295e-09)
bones/37/handle_offset = Vector2(0.498765, 0.493486)
bones/37/group = &""
bones/37/require = false
